                                         clusters_total  hidepth_min clusters_hidepth avg_depth_total avg_depth_mj avg_depth_stat sd_depth_total sd_depth_mj sd_depth_stat filtered_bad_align
A1_AF1845A_A_flavescens                          270767          6.0           153190           32.16        54.91          54.91         183.91      242.05        242.05                  0
A2_QCAZ45640_A_elegans                           142413          6.0            88198           29.01        45.33          45.33         196.80      248.67        248.67                153
A3_QCAZ62211_A_condor                            173250          6.0           103426           32.80        53.25          53.25         498.56      644.46        644.46                145
A4_R351A_varius_C_Richards                         4568          6.0             2615           58.98       102.11         102.11          92.30      102.62        102.62                  2
B1_C1021An_A_sp_nov_Cesar                        221831          6.0           114069           21.09        38.61          38.61         124.91      172.36        172.36                152
B2_QCAZ46824_A_exiguus_Rio_Mazan                 182364          6.0           107074           19.39        31.16          31.16         178.25      231.89        231.89                115
B3_QCAZ63376_A_palmatus_Rio_Topo                 386603          6.0           221678           28.93        48.56          48.56         193.41      253.64        253.64                365
B4_R352Ace_A_certus_Ibanez                       222053          6.0           149583           38.42        55.93          55.93         480.41      584.52        584.52                183
C1_JCSRha                                         41818          6.0            18940           96.67       210.58         210.58        9983.11    14833.18      14833.18                 37
C2_QCAZ48630_A_wampukrum_Rio_Pasme               101629          6.0            40847            7.06        14.29          14.29          35.28       54.83         54.83                 42
C3_QCAZ63506_A_cf_podocarpus                     241592          6.0           141673           28.07        46.04          46.04         314.28      409.45        409.45                  0
C4_R354_A_glyphus_Ibanez                         195209          6.0           134240           30.18        42.76          42.76         341.86      411.63        411.63                187
D1_QCAZ21123_A_exiguus_Frutatian                 160382          6.0            93048           21.43        35.10          35.10         219.61      287.54        287.54                166
D2_Q55103_A_elegans_Durango                        7617          6.0             4702            8.53        11.96          11.96          13.69       16.48         16.48                  0
D3_QCAZ64462_A_podocarpus                        154614          6.0            92233           18.72        29.60          29.60         171.19      220.98        220.98                163
D4_R357Ali_A_limosus                             199387          6.0           137565           38.25        54.44          54.44         498.03      598.87        598.87                187
E1_QCAZ30617_A_spumrius_Pucayacu                 229861          6.0           128073           28.77        49.57          49.57         427.11      571.34        571.34                 99
E3_QCAZ65312_A_longirostris_Goaltal              228521          6.0           135842           32.64        53.17          53.17         437.02      565.90        565.90                280
F1_F1_QCAZ32406_A_exiguus_QCAZuimsacocha         228918          6.0           122867           24.86        44.09          44.09         239.69      325.94        325.94                251
F2_QCAZ57948_A_sp_nov_9deOctubre                 205813          6.0           114565           20.09        34.21          34.21         106.91      141.70        141.70                 15
F3_QCAZ66576_A_palmatus_Rio_Topo                 252904          6.0           143087           34.34        58.78          58.78         345.08      457.27        457.27                185
G1_Q32664_A_spumarius_Yasuni_km38                 17611          6.0            10274            8.60        12.60          12.60          33.21       43.02         43.02                  8
G2_R93Amin                                        17441          6.0             8926            7.14        11.04          11.04          11.74       15.38         15.38                  8
H1_QCAZ38427_A_nanay_Rio_Patul                   225883          6.0           129070           33.42        56.61          56.61         432.29      570.79        570.79                261
H2_R94Amin                                         1921          6.0              830            5.94         9.96           9.96           6.97        9.01          9.01                  0
H3_QCAZ67498_A_longirostris_Goaltal              182038          6.0           108792           34.00        55.23          55.23         446.07      576.04        576.04                189
H4_T6877_Bufo_nebulifer                            2581          6.0               56            2.08        46.77          46.77          14.02       83.69         83.69                  0
KU_201106_T6225Ai_A_ignescens_CTPX                79377          6.0            59481           23.61        30.61          30.61        1413.64     1632.98       1632.98                 56
KU_201113_T6223_Ai_A_ignescens_Cotopaxi          121202          6.0            86398           24.19        32.86          32.86         794.76      941.19        941.19                124
KU_202248_T6222_A_ignescens_Bolivar               50263          6.0            37210           28.88        38.08          38.08        2926.93     3401.73       3401.73                 43
QCAZ66757A_A_condor                              148952          6.0            89553           21.50        34.02          34.02         118.32      151.30        151.30                  0